1.74
1.76
1.78
1.85
1.94
2.01
1.94
1.79
1.66
1.45
1.47
1.56
1.61
1.61
1.53
1.49
1.57
1.7
1.8
1.73
1.61
1.48
1.37
1.41
1.53
1.62
1.63
1.53
1.45
1.41
1.63
1.74
1.78
1.66
1.47
1.3
1.25
1.4
1.59
1.73
1.78
1.57
1.57
1.8
2.1
2.4
2.72
3.02
3.34
3.63
3.87
3.99
4.03
3.87
3.38
2.77
2.18
1.69
1.27
1.01
0.81
0.74
0.83
0.9
0.97
1.05
1.17
1.36
1.45
1.48
1.35
1.32
1.33
1.42
1.61
1.75
1.74
1.66
1.53
1.46
1.49
1.49
1.49
1.44
1.33
1.41
1.59
1.76
1.86
1.9
1.82
1.75
1.7
1.7
1.72
1.67
1.57
1.57
1.63
1.78
1.94
2.04
1.96
1.94
1.82
1.75
1.74
1.78
1.82
1.9
2
2.1
2.14
2.1
2.04
1.9
1.86
1.87
1.92
1.87
1.78
1.78
1.86
2.1
2.38
2.53
2.5
2.26
2.06
1.97
2.06
2.19
2.22
2.13
2.06
2.06
2.14
2.3
2.42
2.34
2.14
1.93
1.82
1.83
1.86
1.84
1.92
1.99
1.98
2.02
2.12
2.18
2.1
1.95
1.84
1.85
1.82
1.74
1.76
1.78
1.9
1.95
1.94
1.9
1.74
1.61
1.49
1.45
1.37
1.41
1.39
1.41
1.37
1.52
1.66
1.67
1.53
1.37
1.25
1.29
1.45
1.53
1.59
1.57
1.49
1.52
1.57
1.67
1.66
1.66
1.55
1.45
1.45
1.44
1.41
1.46
1.57
1.57
1.63
1.66
1.7
1.61
1.53
1.45
1.41
1.44
1.47
1.45
1.45
1.53
1.57
1.67
1.74
1.67
1.55
1.45
1.45
1.5
1.63
1.61
1.57
1.4
1.41
1.49
1.74
1.86
1.84
1.7
1.57
1.59
1.63
1.73
1.74
1.64
1.57
1.53
1.66
1.86
1.9
1.82
1.61
1.51
1.39
1.41
1.53
1.54
1.61
1.56
1.57
1.69
1.74
1.77
1.7
1.61
1.53
1.49
1.49
1.41
1.43
1.5
1.61
1.7
1.8
1.86
1.74
1.6
1.55
1.67
1.78
1.81
1.7
1.58
1.49
1.7
1.94
2.11
2.14
1.94
1.8
1.78
1.78
1.75
1.74
1.61
1.61
1.64
1.76
1.97
1.98
1.9
1.72
1.57
1.45
1.38
1.33
1.28
1.33
1.38
1.47
1.6
1.61
1.58
1.49
1.44
1.41
1.45
1.47
1.38
1.29
1.34
1.47
1.66
1.7
1.62
1.51
1.38
1.37
1.4
1.47
1.49
1.37
1.32
1.33
1.49
1.7
1.81
1.76
1.66
1.7
1.96
2.48
2.98
3.38
3.71
3.93
4.07
4.11
4.04
3.73
3.18
2.58
1.95
1.51
1.14
0.89
0.73
0.77
0.85
0.93
1.12
1.25
1.3
1.33
1.32
1.33
1.33
1.33
1.33
1.33
1.41
1.53
1.64
1.63
1.49
1.37
1.37
1.39
1.41
1.41
1.49
1.47
1.49
1.57
1.73
1.86
1.82
1.74
1.62
1.53
1.58
1.74
1.79
1.86
1.85
1.78
1.8
1.84
1.89
1.86
1.75
1.68
1.57
1.7
1.79
1.82
1.83
1.86
1.98
2.04
2.06
1.98
1.86
1.78
1.78
1.82
1.98
2.04
2.05
2.02
2.14
2.34
2.42
2.34
2.1
1.96
1.85
1.98
2.1
2.22
2.22
2.1
2.01
2.02
2.14
2.22
2.17
2.04
1.86
1.74
1.75
1.92
2.06
2.06
2.06
1.98
1.89
1.86
1.79
1.74
1.74
1.66
1.64
1.68
1.74
1.82
1.82
1.82
1.86
1.82
1.67
1.57
1.45
1.41
1.41
1.51
1.61
1.7
1.6
1.49
1.46
1.49
1.52
1.45
1.32
1.21
1.25
1.37
1.52
1.57
1.53
1.45
1.37
1.33
1.41
1.43
1.47
1.41
1.34
1.37
1.53
1.7
1.74
1.7
1.61
1.53
1.48
1.49
1.5
1.49
1.45
1.51
1.64
1.74
1.77
1.66
1.6
1.61
1.62
1.59
1.49
1.37
1.36
1.35
1.57
1.86
1.94
1.84
1.61
1.45
1.41
1.47
1.54
1.49
1.49
1.37
1.42
1.57
1.82
1.88
1.86
1.66
1.52
1.43
1.38
1.45
1.49
1.53
1.49
1.53
1.7
1.8
1.9
1.86
1.7
1.55
1.42
1.41
1.4
1.49
1.56
1.61
1.74
1.78
1.77
1.66
1.53
1.55
1.61
1.66
1.61
1.55
1.46
1.57
1.78
1.98
2.12
2.02
1.86
1.8
1.78
1.9
1.94
1.92
1.82
1.7
1.67
1.9
2.11
2.22
2.15
1.96
1.81
1.74
1.73
1.7
1.71
1.7
1.7
1.72
1.73
1.66
1.61
1.51
1.48
1.53
1.56
1.55
1.5
1.53
1.53
1.66
1.61
1.57
1.52
1.45
1.46
1.45
1.49
1.59
1.56
1.49
1.41
1.45
1.57
1.7
1.78
1.66
1.49
1.33
1.37
1.51
1.66
1.74
1.82
2.02
2.34
2.86
3.35
3.71
3.91
4.03
4.11
3.95
3.63
3.22
2.62
2.1
1.62
1.29
1.09
0.93
0.84
0.81
0.81
0.91
1.05
1.17
1.3
1.43
1.51
1.57
1.54
1.55
1.45
1.33
1.32
1.31
1.3
1.29
1.29
1.29
1.38
1.57
1.73
1.82
1.85
1.7
1.59
1.47
1.48
1.53
1.53
1.55
1.53
1.57
1.74
1.94
1.98
1.94
1.81
1.66
1.5
1.49
1.46
1.53
1.66
1.78
1.89
1.92
1.98
1.98
1.93
1.86
1.81
1.74
1.71
1.72
1.71
1.78
1.98
2.18
2.26
2.26
2.15
1.96
1.82
1.74
1.86
1.96
1.95
1.82
1.86
2.04
2.31
2.46
2.46
2.32
2.06
1.86
1.86
1.94
2.06
2.06
1.93
1.82
1.82
1.98
2.13
2.18
2.06
1.86
1.7
1.61
1.66
1.7
1.75
1.74
1.74
1.78
1.75
1.74
1.71
1.66
1.58
1.53
1.46
1.45
1.34
1.35
1.38
1.53
1.58
1.55
1.45
1.37
1.29
1.35
1.41
1.41
1.49
1.43
1.41
1.45
1.53
1.57
1.56
1.49
1.37
1.29
1.37
1.45
1.57
1.61
1.61
1.66
1.66
1.61
1.53
1.49
1.42
1.41
1.37
1.41
1.48
1.51
1.51
1.57
1.66
1.63
1.54
1.49
1.44
1.43
1.52
1.53
1.61
1.57
1.49
1.45
1.59
1.74
1.79
1.7
1.5
1.35
1.33
1.49
1.61
1.66
1.62
1.53
1.53
1.55
1.7
1.74
1.7
1.55
1.38
1.37
1.5
1.66
1.77
1.82
1.82
1.78
1.78
1.66
1.56
1.45
1.41
1.37
1.46
1.59
1.69
1.66
1.7
1.72
1.78
1.74
1.67
1.53
1.45
1.41
1.54
1.72
1.82
1.74
1.66
1.7
1.81
1.9
1.97
1.9
1.75
1.66
1.71
1.9
2.06
2.18
2.21
2.16
2.06
1.98
1.85
1.8
1.77
1.7
1.79
1.9
1.98
1.98
1.82
1.7
1.66
1.61
1.57
1.51
1.41
1.37
1.45
1.55
1.64
1.66
1.56
1.49
1.49
1.53
1.62
1.61
1.56
1.37
1.33
1.45
1.66
1.74
1.74
1.66
1.54
1.45
1.45
1.51
1.56
1.53
1.49
1.47
1.57
1.78
2.05
2.32
2.54
2.9
3.26
3.58
3.83
3.95
4.06
4.07
3.87
3.5
2.99
2.48
1.94
1.53
1.09
0.81
0.69
0.69
0.77
0.87
1.09
1.21
1.41
1.53
1.52
1.41
1.41
1.43
1.48
1.49
1.44
1.37
1.34
1.45
1.62
1.74
1.7
1.61
1.52
1.45
1.45
1.45
1.52
1.53
1.49
1.57
1.67
1.72
1.67
1.66
1.7
1.78
1.78
1.74
1.58
1.55
1.61
1.82
2.06
2.16
2.14
1.98
1.82
1.74
1.82
1.94
1.95
1.88
1.74
1.7
1.81
1.98
2.15
2.1
2.03
1.84
1.75
1.78
1.93
2
2.06
2.1
2.13
2.18
2.22
2.26
2.31
2.24
2.14
2.06
1.98
1.96
1.95
2.02
2.18
2.28
2.29
2.18
2.06
1.92
1.89
1.86
1.85
1.8
1.73
1.7
1.75
1.96
2.1
2.1
1.95
1.82
1.73
1.78
1.78
1.78
1.67
1.53
1.47
1.45
1.52
1.53
1.66
1.66
1.57
1.53
1.41
1.37
1.36
1.33
1.34
1.41
1.52
1.61
1.57
1.53
1.41
1.45
1.45
1.41
1.33
1.21
1.17
1.29
1.42
1.61
1.7
1.68
1.54
1.45
1.46
1.49
1.53
1.49
1.37
1.27
1.3
1.49
1.67
1.78
1.74
1.61
1.49
1.41
1.43
1.53
1.54
1.53
1.49
1.49
1.61
1.72
1.71
1.61
1.54
1.45
1.41
1.41
1.46
1.47
1.48
1.49
1.56
1.68
1.74
1.7
1.66
1.63
1.53
1.45
1.41
1.37
1.37
1.45
1.64
1.82
1.85
1.74
1.64
1.61
1.61
1.66
1.6
1.47
1.3
1.33
1.49
1.72
1.94
2.02
1.98
1.84
1.67
1.57
1.52
1.47
1.56
1.61
1.77
1.86
1.9
1.94
1.89
1.96
2.06
2.06
1.98
1.8
1.64
1.57
1.7
1.92
2.11
2.18
2.07
1.94
1.95
2.02
2.02
1.92
1.67
1.53
1.49
1.55
1.74
1.86
1.87
1.78
1.6
1.53
1.49
1.51
1.55
1.57
1.48
1.45
1.56
1.66
1.75
1.7
1.66
1.53
1.48
1.47
1.48
1.49
1.49
1.51
1.48
1.53
1.57
1.66
1.69
1.66
1.62
1.57
1.54
1.49
1.45
1.61
1.97
2.42
2.83
3.22
3.58
3.87
3.99
4.11
4.1
3.91
3.37
2.76
2.19
1.82
1.52
1.25
1.02
0.89
0.84
0.85
0.89
0.93
1.05
1.21
1.32
1.45
1.56
1.59
1.53
1.49
1.45
1.45
1.48
1.41
1.38
1.23
1.25
1.49
1.77
1.9
1.86
1.7
1.6
1.57
1.57
1.61
1.61
1.61
1.53
1.66
1.82
2.02
2.09
1.98
1.71
1.51
1.5
1.66
1.86
1.92
1.88
1.86
1.86
1.88
1.98
2.06
1.99
1.88
1.8
1.74
1.79
1.86
1.86
1.9
1.99
2.12
2.22
2.34
2.33
2.16
2.07
2.02
1.99
2
1.99
2.02
2.21
2.4
2.5
2.46
2.26
2.1
2.01
1.98
2.03
2.06
2.13
2.1
2.07
2.08
2.15
2.22
2.15
2.02
1.82
1.74
1.78
1.88
1.97
2.02
2.03
1.98
1.94
1.94
1.88
1.8
1.73
1.61
1.57
1.61
1.58
1.57
1.57
1.61
1.74
1.7
1.66
1.51
1.46
1.37
1.33
1.35
1.38
1.37
1.32
1.27
1.26
1.37
1.5
1.59
1.56
1.41
1.3
1.37
1.53
1.61
1.59
1.53
1.48
1.49
1.6
1.66
1.66
1.53
1.33
1.27
1.33
1.53
1.7
1.72
1.66
1.61
1.54
1.55
1.53
1.45
1.38
1.35
1.41
1.45
1.58
1.61
1.66
1.7
1.7
1.74
1.62
1.57
1.4
1.37
1.49
1.66
1.73
1.7
1.6
1.49
1.57
1.68
1.73
1.74
1.54
1.41
1.37
1.45
1.62
1.7
1.66
1.57
1.57
1.63
1.67
1.66
1.58
1.47
1.4
1.41
1.54
1.72
1.86
1.86
1.83
1.78
1.67
1.66
1.7
1.63
1.61
1.7
1.78
1.96
2.01
1.98
1.97
2
2.03
2.02
1.94
1.8
1.69
1.61
1.74
1.96
2.15
2.26
2.1
1.98
1.83
1.86
1.86
1.8
1.62
1.45
1.37
1.47
1.62
1.7
1.74
1.63
1.54
1.53
1.64
1.7
1.71
1.57
1.4
1.33
1.44
1.66
1.86
1.9
1.79
1.7
1.53
1.47
1.42
1.41
1.41
1.41
1.43
1.49
1.61
1.74
1.71
1.61
1.64
1.68
1.74
1.74
1.71
1.9
2.22
2.74
3.23
3.67
3.94
4.07
4.07
4.07
3.8
3.26
2.63
2.04
1.59
1.37
1.14
1.03
0.94
0.89
0.93
1.05
1.16
1.25
1.25
1.23
1.25
1.25
1.33
1.47
1.62
1.66
1.69
1.63
1.64
1.7
1.61
1.57
1.5
1.49
1.52
1.57
1.53
1.49
1.61
1.74
1.89
1.94
1.89
1.76
1.57
1.45
1.53
1.76
1.92
1.94
1.86
1.86
1.91
2.06
2.06
2
1.83
1.61
1.49
1.61
1.94
2.14
2.26
2.12
2.06
2.02
2.1
2.22
2.19
2.02
1.86
1.76
1.87
2.14
2.3
2.4
2.33
2.22
2.16
2.14
2.17
2.18
2.15
2.04
2.05
2.14
2.3
2.38
2.38
2.3
2.19
2.12
2.1
2.1
2.03
2.04
2.09
2.18
2.22
2.18
2.11
2.02
1.99
2.04
2.06
1.98
1.78
1.68
1.61
1.66
1.8
1.9
1.89
1.74
1.56
1.47
1.48
1.49
1.48
1.39
1.4
1.33
1.46
1.59
1.7
1.7
1.61
1.55
1.46
1.45
1.34
1.35
1.36
1.41
1.48
1.57
1.64
1.61
1.53
1.43
1.42
1.41
1.33
1.31
1.33
1.41
1.61
1.78
1.83
1.78
1.61
1.49
1.48
1.45
1.45
1.45
1.37
1.37
1.45
1.59
1.78
1.9
1.82
1.66
1.48
1.37
1.48
1.55
1.58
1.53
1.41
1.37
1.53
1.7
1.86
1.86
1.7
1.53
1.44
1.43
1.49
1.49
1.53
1.61
1.64
1.7
1.71
1.61
1.53
1.53
1.53
1.49
1.52
1.53
1.49
1.53
1.7
1.9
1.86
1.7
1.49
1.41
1.42
1.53
1.7
1.7
1.7
1.59
1.69
1.86
1.98
1.94
1.86
1.74
1.61
1.59
1.69
1.7
1.78
1.88
1.94
2.06
2.16
2.12
2.02
1.9
1.85
1.78
1.86
1.94
1.91
1.9
1.93
1.9
1.97
1.86
1.66
1.41
1.38
1.45
1.54
1.66
1.66
1.59
1.49
1.49
1.61
1.78
1.83
1.66
1.44
1.29
1.4
1.53
1.67
1.72
1.69
1.53
1.53
1.59
1.73
1.74
1.6
1.43
1.3
1.33
1.46
1.61
1.67
1.74
1.66
1.61
1.63
1.66
1.74
1.94
2.31
2.82
3.27
3.67
3.94
4.03
4.11
4.09
3.9
3.42
2.76
2.14
1.61
1.25
0.97
0.89
0.82
0.85
0.92
1.01
1.09
1.25
1.29
1.29
1.29
1.25
1.33
1.49
1.6
1.66
1.6
1.55
1.53
1.53
1.45
1.39
1.41
1.41
1.46
1.55
1.61
1.61
1.66
1.78
1.82
1.82
1.67
1.51
1.41
1.45
1.7
1.9
1.99
2.02
1.89
1.76
1.79
1.86
1.89
1.8
1.61
1.45
1.48
1.68
2.01
2.18
2.18
2.06
1.94
1.78
1.81
1.9
1.9
1.9
1.82
1.82
1.91
2.18
2.41
2.48
2.47
2.38
2.31
2.24
2.1
1.98
1.94
2
2.09
2.14
2.1
2.08
2.06
2.14
2.15
2.22
2.14
1.98
1.85
1.8
1.9
1.98
2.06
2
1.98
1.98
1.99
2.12
2.07
1.98
1.77
1.59
1.57
1.66
1.78
1.84
1.86
1.82
1.66
1.59
1.57
1.53
1.46
1.45
1.4
1.33
1.34
1.39
1.45
1.45
1.54
1.63
1.54
1.45
1.29
1.21
1.21
1.21
1.35
1.43
1.51
1.49
1.52
1.63
1.67
1.66
1.56
1.39
1.25
1.25
1.38
1.49
1.64
1.61
1.51
1.49
1.53
1.61
1.7
1.61
1.52
1.45
1.41
1.49
1.6
1.61
1.57
1.51
1.49
1.61
1.69
1.7
1.61
1.49
1.33
1.27
1.37
1.53
1.7
1.74
1.74
1.66
1.64
1.61
1.57
1.49
1.42
1.43
1.46
1.57
1.67
1.74
1.74
1.78
1.71
1.63
1.54
1.49
1.41
1.39
1.44
1.57
1.78
1.92
1.86
1.74
1.78
1.84
1.83
1.82
1.78
1.78
1.78
1.94
2.09
2.14
2.07
1.98
1.86
1.8
1.83
1.86
1.74
1.7
1.67
1.74
1.88
1.96
1.91
1.82
1.72
1.61
1.53
1.53
1.45
1.41
1.37
1.45
1.56
1.66
1.67
1.66
1.61
1.63
1.66
1.57
1.53
1.37
1.29
1.37
1.61
1.8
1.84
1.74
1.56
1.41
1.45
1.45
1.41
1.33
1.29